0, 4, 0.000000e+00
1, 4, 2.195162e-05
2, 4, 8.780759e-05
3, 4, 1.975719e-04
4, 4, 3.512509e-04
5, 4, 5.488536e-04
6, 4, 7.903914e-04
7, 4, 1.075878e-03
8, 4, 1.405330e-03
9, 4, 1.778767e-03
10, 4, 2.196212e-03
11, 4, 2.657688e-03
12, 4, 3.163221e-03
13, 4, 3.712841e-03
14, 4, 4.306581e-03
15, 4, 4.944476e-03
16, 4, 5.626563e-03
17, 4, 6.352881e-03
18, 4, 7.123472e-03
19, 4, 7.938384e-03
20, 4, 8.797662e-03
21, 4, 9.701358e-03
22, 4, 1.064952e-02
23, 4, 1.164221e-02
24, 4, 1.267949e-02
25, 4, 1.376141e-02
26, 4, 1.488803e-02
27, 4, 1.605943e-02
28, 4, 1.727568e-02
29, 4, 1.853684e-02
30, 4, 1.984299e-02
31, 4, 2.119420e-02
32, 4, 2.259056e-02
33, 4, 2.403215e-02
34, 4, 2.551905e-02
35, 4, 2.705136e-02
36, 4, 2.862915e-02
37, 4, 3.025253e-02
38, 4, 3.192159e-02
39, 4, 3.363642e-02
40, 4, 3.539715e-02
41, 4, 3.720386e-02
42, 4, 3.905666e-02
43, 4, 4.095566e-02
44, 4, 4.290098e-02
45, 4, 4.489274e-02
46, 4, 4.693104e-02
47, 4, 4.901602e-02
48, 4, 5.114779e-02
49, 4, 5.332649e-02
50, 4, 5.555225e-02
51, 4, 5.782520e-02
52, 4, 6.014548e-02
53, 4, 6.251322e-02
54, 4, 6.492856e-02
55, 4, 6.739167e-02
56, 4, 6.990270e-02
57, 4, 7.246175e-02
58, 4, 7.506903e-02
59, 4, 7.772469e-02
60, 4, 8.042886e-02
61, 4, 8.318174e-02
62, 4, 8.598348e-02
63, 4, 8.883426e-02
64, 4, 9.173424e-02
65, 4, 9.468362e-02
66, 4, 9.768256e-02
67, 4, 1.007312e-01
68, 4, 1.038299e-01
69, 4, 1.069786e-01
70, 4, 1.101777e-01
71, 4, 1.134273e-01
72, 4, 1.167277e-01
73, 4, 1.200789e-01
74, 4, 1.234814e-01
75, 4, 1.269351e-01
76, 4, 1.304404e-01
77, 4, 1.339976e-01
78, 4, 1.376067e-01
79, 4, 1.412680e-01
80, 4, 1.449818e-01
81, 4, 1.487484e-01
82, 4, 1.525678e-01
83, 4, 1.564404e-01
84, 4, 1.603665e-01
85, 4, 1.643462e-01
86, 4, 1.683798e-01
87, 4, 1.724676e-01
88, 4, 1.766100e-01
89, 4, 1.808070e-01
90, 4, 1.850590e-01
91, 4, 1.893662e-01
92, 4, 1.937290e-01
93, 4, 1.981476e-01
94, 4, 2.026223e-01
95, 4, 2.071534e-01
96, 4, 2.117411e-01
97, 4, 2.163859e-01
98, 4, 2.210879e-01
99, 4, 2.258476e-01
100, 4, 2.306651e-01
101, 4, 2.355409e-01
102, 4, 2.404752e-01
103, 4, 2.454684e-01
104, 4, 2.505208e-01
105, 4, 2.556328e-01
106, 4, 2.608047e-01
107, 4, 2.660367e-01
108, 4, 2.713294e-01
109, 4, 2.766830e-01
110, 4, 2.820979e-01
111, 4, 2.875745e-01
112, 4, 2.931131e-01
113, 4, 2.987142e-01
114, 4, 3.043780e-01
115, 4, 3.101050e-01
116, 4, 3.158956e-01
117, 4, 3.217502e-01
118, 4, 3.276691e-01
119, 4, 3.336529e-01
120, 4, 3.397019e-01
121, 4, 3.458164e-01
122, 4, 3.519971e-01
123, 4, 3.582442e-01
124, 4, 3.645583e-01
125, 4, 3.709398e-01
126, 4, 3.773890e-01
127, 4, 3.839066e-01
128, 4, 3.904928e-01
129, 4, 3.971483e-01
130, 4, 4.038735e-01
131, 4, 4.106688e-01
132, 4, 4.175349e-01
133, 4, 4.244721e-01
134, 4, 4.314809e-01
135, 4, 4.385620e-01
136, 4, 4.457157e-01
137, 4, 4.529426e-01
138, 4, 4.602433e-01
139, 4, 4.676183e-01
140, 4, 4.750681e-01
141, 4, 4.825933e-01
142, 4, 4.901945e-01
143, 4, 4.978722e-01
144, 4, 5.056269e-01
145, 4, 5.134594e-01
146, 4, 5.213701e-01
147, 4, 5.293596e-01
148, 4, 5.374287e-01
149, 4, 5.455779e-01
150, 4, 5.538077e-01
151, 4, 5.621190e-01
152, 4, 5.705123e-01
153, 4, 5.789882e-01
154, 4, 5.875475e-01
155, 4, 5.961907e-01
156, 4, 6.049186e-01
157, 4, 6.137318e-01
158, 4, 6.226311e-01
159, 4, 6.316172e-01
160, 4, 6.406907e-01
161, 4, 6.498525e-01
162, 4, 6.591032e-01
163, 4, 6.684435e-01
164, 4, 6.778744e-01
165, 4, 6.873964e-01
166, 4, 6.970104e-01
167, 4, 7.067172e-01
168, 4, 7.165176e-01
169, 4, 7.264123e-01
170, 4, 7.364022e-01
171, 4, 7.464883e-01
172, 4, 7.566711e-01
173, 4, 7.669517e-01
174, 4, 7.773309e-01
175, 4, 7.878097e-01
176, 4, 7.983889e-01
177, 4, 8.090694e-01
178, 4, 8.198521e-01
179, 4, 8.307381e-01
180, 4, 8.417281e-01
181, 4, 8.528230e-01
182, 4, 8.640241e-01
183, 4, 8.753321e-01
184, 4, 8.867483e-01
185, 4, 8.982735e-01
186, 4, 9.099089e-01
187, 4, 9.216552e-01
188, 4, 9.335138e-01
189, 4, 9.454857e-01
190, 4, 9.575718e-01
191, 4, 9.697735e-01
192, 4, 9.820918e-01
193, 4, 9.945277e-01
194, 4, 1.007083e+00
195, 4, 1.019757e+00
196, 4, 1.032553e+00
197, 4, 1.045472e+00
198, 4, 1.058514e+00
199, 4, 1.071681e+00
200, 4, 1.084975e+00
201, 4, 1.098395e+00
202, 4, 1.111945e+00
203, 4, 1.125624e+00
204, 4, 1.139435e+00
205, 4, 1.153379e+00
206, 4, 1.167457e+00
207, 4, 1.181670e+00
208, 4, 1.196020e+00
209, 4, 1.210456e+00
210, 4, 1.224975e+00
211, 4, 1.239575e+00
212, 4, 1.254257e+00
213, 4, 1.269021e+00
214, 4, 1.283866e+00
215, 4, 1.298792e+00
216, 4, 1.313800e+00
217, 4, 1.328889e+00
218, 4, 1.344064e+00
219, 4, 1.359320e+00
220, 4, 1.374658e+00
221, 4, 1.390075e+00
222, 4, 1.405574e+00
223, 4, 1.421153e+00
224, 4, 1.436812e+00
225, 4, 1.452552e+00
226, 4, 1.468372e+00
227, 4, 1.484272e+00
228, 4, 1.500252e+00
229, 4, 1.516312e+00
230, 4, 1.532451e+00
231, 4, 1.548670e+00
232, 4, 1.564969e+00
233, 4, 1.581347e+00
234, 4, 1.597804e+00
235, 4, 1.614340e+00
236, 4, 1.630956e+00
237, 4, 1.647650e+00
238, 4, 1.664423e+00
239, 4, 1.681275e+00
240, 4, 1.698205e+00
241, 4, 1.715213e+00
242, 4, 1.732299e+00
243, 4, 1.749464e+00
244, 4, 1.766707e+00
245, 4, 1.784027e+00
246, 4, 1.801426e+00
247, 4, 1.818901e+00
248, 4, 1.836455e+00
249, 4, 1.854085e+00
250, 4, 1.871792e+00
251, 4, 1.889577e+00
252, 4, 1.907439e+00
253, 4, 1.925377e+00
254, 4, 1.943392e+00
255, 4, 1.961484e+00
256, 4, 1.979651e+00
257, 4, 1.997895e+00
258, 4, 2.016215e+00
259, 4, 2.034611e+00
260, 4, 2.053083e+00
261, 4, 2.071631e+00
262, 4, 2.090253e+00
263, 4, 2.108952e+00
264, 4, 2.127726e+00
265, 4, 2.146574e+00
266, 4, 2.165498e+00
267, 4, 2.184496e+00
268, 4, 2.203569e+00
269, 4, 2.222716e+00
270, 4, 2.241938e+00
271, 4, 2.261234e+00
272, 4, 2.280604e+00
273, 4, 2.300048e+00
274, 4, 2.319566e+00
275, 4, 2.339157e+00
276, 4, 2.358822e+00
277, 4, 2.378560e+00
278, 4, 2.398371e+00
279, 4, 2.418255e+00
280, 4, 2.438213e+00
281, 4, 2.458242e+00
282, 4, 2.478345e+00
283, 4, 2.498520e+00
284, 4, 2.518767e+00
285, 4, 2.539086e+00
286, 4, 2.559477e+00
287, 4, 2.579940e+00
288, 4, 2.600475e+00
289, 4, 2.621081e+00
290, 4, 2.641759e+00
291, 4, 2.662508e+00
292, 4, 2.683327e+00
293, 4, 2.704218e+00
294, 4, 2.725179e+00
295, 4, 2.746211e+00
296, 4, 2.767313e+00
297, 4, 2.788485e+00
298, 4, 2.809727e+00
299, 4, 2.831040e+00
300, 4, 2.852422e+00
301, 4, 2.873873e+00
302, 4, 2.895395e+00
303, 4, 2.916985e+00
304, 4, 2.938648e+00
305, 4, 2.960381e+00
306, 4, 2.982182e+00
307, 4, 3.004052e+00
308, 4, 3.025990e+00
309, 4, 3.047996e+00
310, 4, 3.070071e+00
311, 4, 3.092213e+00
312, 4, 3.114423e+00
313, 4, 3.136701e+00
314, 4, 3.159047e+00
315, 4, 3.181460e+00
316, 4, 3.203940e+00
317, 4, 3.226487e+00
318, 4, 3.249101e+00
319, 4, 3.271781e+00
320, 4, 3.294528e+00
321, 4, 3.317341e+00
322, 4, 3.340220e+00
323, 4, 3.363165e+00
324, 4, 3.386176e+00
325, 4, 3.409252e+00
326, 4, 3.432393e+00
327, 4, 3.455600e+00
328, 4, 3.478871e+00
329, 4, 3.502208e+00
330, 4, 3.525610e+00
331, 4, 3.549075e+00
332, 4, 3.572605e+00
333, 4, 3.596200e+00
334, 4, 3.619859e+00
335, 4, 3.643581e+00
336, 4, 3.667366e+00
337, 4, 3.691215e+00
338, 4, 3.715128e+00
339, 4, 3.739104e+00
340, 4, 3.763142e+00
341, 4, 3.787242e+00
342, 4, 3.811406e+00
343, 4, 3.835632e+00
344, 4, 3.859920e+00
345, 4, 3.884270e+00
346, 4, 3.908681e+00
347, 4, 3.933154e+00
348, 4, 3.957689e+00
349, 4, 3.982285e+00
350, 4, 4.006941e+00
351, 4, 4.031659e+00
352, 4, 4.056437e+00
353, 4, 4.081276e+00
354, 4, 4.106175e+00
355, 4, 4.131135e+00
356, 4, 4.156154e+00
357, 4, 4.181233e+00
358, 4, 4.206371e+00
359, 4, 4.231568e+00
360, 4, 4.256824e+00
361, 4, 4.282140e+00
362, 4, 4.307514e+00
363, 4, 4.332947e+00
364, 4, 4.358438e+00
365, 4, 4.383987e+00
366, 4, 4.409595e+00
367, 4, 4.435259e+00
368, 4, 4.460982e+00
369, 4, 4.486763e+00
370, 4, 4.512599e+00
371, 4, 4.538494e+00
372, 4, 4.564445e+00
373, 4, 4.590453e+00
374, 4, 4.616518e+00
375, 4, 4.642637e+00
376, 4, 4.668814e+00
377, 4, 4.695045e+00
378, 4, 4.721333e+00
379, 4, 4.747677e+00
380, 4, 4.774075e+00
381, 4, 4.800528e+00
382, 4, 4.827036e+00
383, 4, 4.853599e+00
384, 4, 4.880217e+00
385, 4, 4.906887e+00
386, 4, 4.933613e+00
387, 4, 4.960392e+00
388, 4, 4.987224e+00
389, 4, 5.014110e+00
390, 4, 5.041049e+00
391, 4, 5.068042e+00
392, 4, 5.095086e+00
393, 4, 5.122183e+00
394, 4, 5.149333e+00
395, 4, 5.176535e+00
396, 4, 5.203790e+00
397, 4, 5.231095e+00
398, 4, 5.258451e+00
399, 4, 5.285861e+00
400, 4, 5.313320e+00
401, 4, 5.340831e+00
402, 4, 5.368392e+00
403, 4, 5.396005e+00
404, 4, 5.423667e+00
405, 4, 5.451379e+00
406, 4, 5.479142e+00
407, 4, 5.506953e+00
408, 4, 5.534815e+00
409, 4, 5.562725e+00
410, 4, 5.590685e+00
411, 4, 5.618694e+00
412, 4, 5.646751e+00
413, 4, 5.674857e+00
414, 4, 5.703010e+00
415, 4, 5.731211e+00
416, 4, 5.759461e+00
417, 4, 5.787757e+00
418, 4, 5.816101e+00
419, 4, 5.844492e+00
420, 4, 5.872930e+00
421, 4, 5.901414e+00
422, 4, 5.929945e+00
423, 4, 5.958522e+00
424, 4, 5.987145e+00
425, 4, 6.015814e+00
426, 4, 6.044528e+00
427, 4, 6.073288e+00
428, 4, 6.102093e+00
429, 4, 6.130942e+00
430, 4, 6.159836e+00
431, 4, 6.188776e+00
432, 4, 6.217760e+00
433, 4, 6.246786e+00
434, 4, 6.275857e+00
435, 4, 6.304972e+00
436, 4, 6.334129e+00
437, 4, 6.363330e+00
438, 4, 6.392574e+00
439, 4, 6.421861e+00
440, 4, 6.451190e+00
441, 4, 6.480562e+00
442, 4, 6.509975e+00
443, 4, 6.539430e+00
444, 4, 6.568926e+00
445, 4, 6.598464e+00
446, 4, 6.628043e+00
447, 4, 6.657663e+00
448, 4, 6.687324e+00
449, 4, 6.717024e+00
450, 4, 6.746765e+00
451, 4, 6.776547e+00
452, 4, 6.806368e+00
453, 4, 6.836228e+00
454, 4, 6.866128e+00
455, 4, 6.896067e+00
456, 4, 6.926045e+00
457, 4, 6.956062e+00
458, 4, 6.986116e+00
459, 4, 7.016210e+00
460, 4, 7.046342e+00
461, 4, 7.076510e+00
462, 4, 7.106716e+00
463, 4, 7.136960e+00
464, 4, 7.167241e+00
465, 4, 7.197559e+00
466, 4, 7.227913e+00
467, 4, 7.258304e+00
468, 4, 7.288730e+00
469, 4, 7.319192e+00
470, 4, 7.349691e+00
471, 4, 7.380225e+00
472, 4, 7.410794e+00
473, 4, 7.441397e+00
474, 4, 7.472036e+00
475, 4, 7.502709e+00
476, 4, 7.533416e+00
477, 4, 7.564157e+00
478, 4, 7.594933e+00
479, 4, 7.625741e+00
480, 4, 7.656583e+00
481, 4, 7.687458e+00
482, 4, 7.718365e+00
483, 4, 7.749305e+00
484, 4, 7.780278e+00
485, 4, 7.811282e+00
486, 4, 7.842319e+00
487, 4, 7.873387e+00
488, 4, 7.904486e+00
489, 4, 7.935616e+00
490, 4, 7.966778e+00
491, 4, 7.997970e+00
492, 4, 8.029192e+00
493, 4, 8.060445e+00
494, 4, 8.091727e+00
495, 4, 8.123039e+00
496, 4, 8.154381e+00
497, 4, 8.185753e+00
498, 4, 8.217155e+00
499, 4, 8.248582e+00
500, 4, 8.280040e+00
501, 4, 8.311526e+00
502, 4, 8.343041e+00
503, 4, 8.374582e+00
504, 4, 8.406154e+00
505, 4, 8.437750e+00
506, 4, 8.469374e+00
507, 4, 8.501024e+00
508, 4, 8.532703e+00
509, 4, 8.564407e+00
510, 4, 8.596137e+00
511, 4, 8.627893e+00
512, 4, 8.659676e+00
513, 4, 8.691483e+00
514, 4, 8.723315e+00
515, 4, 8.755173e+00
516, 4, 8.787056e+00
517, 4, 8.818962e+00
518, 4, 8.850892e+00
519, 4, 8.882848e+00
520, 4, 8.914825e+00
521, 4, 8.946828e+00
522, 4, 8.978852e+00
523, 4, 9.010901e+00
524, 4, 9.042974e+00
525, 4, 9.075067e+00
526, 4, 9.107183e+00
527, 4, 9.139321e+00
528, 4, 9.171482e+00
529, 4, 9.203661e+00
530, 4, 9.235866e+00
531, 4, 9.268088e+00
532, 4, 9.300332e+00
533, 4, 9.332598e+00
534, 4, 9.364881e+00
535, 4, 9.397185e+00
536, 4, 9.429509e+00
537, 4, 9.461853e+00
538, 4, 9.494216e+00
539, 4, 9.526599e+00
540, 4, 9.558998e+00
541, 4, 9.591418e+00
542, 4, 9.623857e+00
543, 4, 9.656315e+00
544, 4, 9.688788e+00
545, 4, 9.721280e+00
546, 4, 9.753790e+00
547, 4, 9.786316e+00
548, 4, 9.818858e+00
549, 4, 9.851418e+00
550, 4, 9.883995e+00
551, 4, 9.916587e+00
552, 4, 9.949194e+00
553, 4, 9.981819e+00
554, 4, 1.001446e+01
555, 4, 1.004711e+01
556, 4, 1.007978e+01
557, 4, 1.011246e+01
558, 4, 1.014516e+01
559, 4, 1.017787e+01
560, 4, 1.021060e+01
561, 4, 1.024334e+01
562, 4, 1.027609e+01
563, 4, 1.030886e+01
564, 4, 1.034163e+01
565, 4, 1.037442e+01
566, 4, 1.040723e+01
567, 4, 1.044004e+01
568, 4, 1.047287e+01
569, 4, 1.050571e+01
570, 4, 1.053856e+01
571, 4, 1.057142e+01
572, 4, 1.060430e+01
573, 4, 1.063718e+01
574, 4, 1.067007e+01
575, 4, 1.070298e+01
576, 4, 1.073589e+01
577, 4, 1.076881e+01
578, 4, 1.080175e+01
579, 4, 1.083469e+01
580, 4, 1.086764e+01
581, 4, 1.090060e+01
582, 4, 1.093356e+01
583, 4, 1.096654e+01
584, 4, 1.099952e+01
585, 4, 1.103251e+01
586, 4, 1.106551e+01
587, 4, 1.109851e+01
588, 4, 1.113153e+01
589, 4, 1.116454e+01
590, 4, 1.119757e+01
591, 4, 1.123060e+01
592, 4, 1.126364e+01
593, 4, 1.129668e+01
594, 4, 1.132973e+01
595, 4, 1.136278e+01
596, 4, 1.139584e+01
597, 4, 1.142890e+01
598, 4, 1.146196e+01
599, 4, 1.149504e+01
600, 4, 1.152811e+01
601, 4, 1.156119e+01
602, 4, 1.159427e+01
603, 4, 1.162735e+01
604, 4, 1.166044e+01
605, 4, 1.169353e+01
606, 4, 1.172662e+01
607, 4, 1.175971e+01
608, 4, 1.179281e+01
609, 4, 1.182590e+01
610, 4, 1.185900e+01
611, 4, 1.189210e+01
612, 4, 1.192520e+01
613, 4, 1.195830e+01
614, 4, 1.199140e+01
615, 4, 1.202450e+01
616, 4, 1.205761e+01
617, 4, 1.209071e+01
618, 4, 1.212381e+01
619, 4, 1.215691e+01
620, 4, 1.219000e+01
621, 4, 1.222310e+01
622, 4, 1.225619e+01
623, 4, 1.228929e+01
624, 4, 1.232238e+01
625, 4, 1.235546e+01
626, 4, 1.238855e+01
627, 4, 1.242163e+01
628, 4, 1.245471e+01
629, 4, 1.248778e+01
630, 4, 1.252085e+01
631, 4, 1.255392e+01
632, 4, 1.258698e+01
633, 4, 1.262004e+01
634, 4, 1.265309e+01
635, 4, 1.268614e+01
636, 4, 1.271918e+01
637, 4, 1.275222e+01
638, 4, 1.278525e+01
639, 4, 1.281828e+01
640, 4, 1.285130e+01
641, 4, 1.288431e+01
642, 4, 1.291732e+01
643, 4, 1.295031e+01
644, 4, 1.298331e+01
645, 4, 1.301629e+01
646, 4, 1.304927e+01
647, 4, 1.308224e+01
648, 4, 1.311520e+01
649, 4, 1.314815e+01
650, 4, 1.318109e+01
651, 4, 1.321402e+01
652, 4, 1.324695e+01
653, 4, 1.327986e+01
654, 4, 1.331277e+01
655, 4, 1.334566e+01
656, 4, 1.337855e+01
657, 4, 1.341142e+01
658, 4, 1.344428e+01
659, 4, 1.347714e+01
660, 4, 1.350998e+01
661, 4, 1.354281e+01
662, 4, 1.357562e+01
663, 4, 1.360843e+01
664, 4, 1.364122e+01
665, 4, 1.367400e+01
666, 4, 1.370677e+01
667, 4, 1.373952e+01
668, 4, 1.377227e+01
669, 4, 1.380499e+01
670, 4, 1.383771e+01
671, 4, 1.387041e+01
672, 4, 1.390310e+01
673, 4, 1.393576e+01
674, 4, 1.396842e+01
675, 4, 1.400106e+01
676, 4, 1.403368e+01
677, 4, 1.406629e+01
678, 4, 1.409888e+01
679, 4, 1.413146e+01
680, 4, 1.416402e+01
681, 4, 1.419657e+01
682, 4, 1.422910e+01
683, 4, 1.426160e+01
684, 4, 1.429410e+01
685, 4, 1.432657e+01
686, 4, 1.435903e+01
687, 4, 1.439147e+01
688, 4, 1.442389e+01
689, 4, 1.445629e+01
690, 4, 1.448867e+01
691, 4, 1.452104e+01
692, 4, 1.455338e+01
693, 4, 1.458571e+01
694, 4, 1.461802e+01
695, 4, 1.465030e+01
696, 4, 1.468257e+01
697, 4, 1.471481e+01
698, 4, 1.474704e+01
699, 4, 1.477924e+01
700, 4, 1.481142e+01
701, 4, 1.484358e+01
702, 4, 1.487572e+01
703, 4, 1.490784e+01
704, 4, 1.493993e+01
705, 4, 1.497200e+01
706, 4, 1.500405e+01
707, 4, 1.503608e+01
708, 4, 1.506808e+01
709, 4, 1.510006e+01
710, 4, 1.513202e+01
711, 4, 1.516395e+01
712, 4, 1.519586e+01
713, 4, 1.522774e+01
714, 4, 1.525960e+01
715, 4, 1.529143e+01
716, 4, 1.532324e+01
717, 4, 1.535503e+01
718, 4, 1.538678e+01
719, 4, 1.541853e+01
720, 4, 1.545026e+01
721, 4, 1.548195e+01
722, 4, 1.551363e+01
723, 4, 1.554527e+01
724, 4, 1.557689e+01
725, 4, 1.560849e+01
726, 4, 1.564005e+01
727, 4, 1.567159e+01
728, 4, 1.570309e+01
729, 4, 1.573457e+01
730, 4, 1.576602e+01
731, 4, 1.579745e+01
732, 4, 1.582884e+01
733, 4, 1.586021e+01
734, 4, 1.589154e+01
735, 4, 1.592284e+01
736, 4, 1.595411e+01
737, 4, 1.598536e+01
738, 4, 1.601657e+01
739, 4, 1.604775e+01
740, 4, 1.607891e+01
741, 4, 1.611003e+01
742, 4, 1.614112e+01
743, 4, 1.617217e+01
744, 4, 1.620319e+01
745, 4, 1.623419e+01
746, 4, 1.626515e+01
747, 4, 1.629608e+01
748, 4, 1.632697e+01
749, 4, 1.635783e+01
750, 4, 1.638867e+01
751, 4, 1.641946e+01
752, 4, 1.645022e+01
753, 4, 1.648095e+01
754, 4, 1.651164e+01
755, 4, 1.654230e+01
756, 4, 1.657292e+01
757, 4, 1.660351e+01
758, 4, 1.663406e+01
759, 4, 1.666458e+01
760, 4, 1.669506e+01
761, 4, 1.672551e+01
762, 4, 1.675592e+01
763, 4, 1.678629e+01
764, 4, 1.681663e+01
765, 4, 1.684693e+01
766, 4, 1.687720e+01
767, 4, 1.690742e+01
768, 4, 1.693761e+01
769, 4, 1.696776e+01
770, 4, 1.699787e+01
771, 4, 1.702795e+01
772, 4, 1.705799e+01
773, 4, 1.708799e+01
774, 4, 1.711794e+01
775, 4, 1.714787e+01
776, 4, 1.717775e+01
777, 4, 1.720759e+01
778, 4, 1.723739e+01
779, 4, 1.726715e+01
780, 4, 1.729687e+01
781, 4, 1.732655e+01
782, 4, 1.735620e+01
783, 4, 1.738579e+01
784, 4, 1.741535e+01
785, 4, 1.744487e+01
786, 4, 1.747434e+01
787, 4, 1.750378e+01
788, 4, 1.753317e+01
789, 4, 1.756252e+01
790, 4, 1.759182e+01
791, 4, 1.762109e+01
792, 4, 1.765030e+01
793, 4, 1.767948e+01
794, 4, 1.770861e+01
795, 4, 1.773770e+01
796, 4, 1.776675e+01
797, 4, 1.779575e+01
798, 4, 1.782471e+01
799, 4, 1.785362e+01
800, 4, 1.788248e+01
	13: (2.0 1.4 1.9, 2.7 -1.4 5.1)
	15: (0.8 2.3 1.0, 0.0 -0.0 0.2)
	23: (2.2 1.2 2.3, -2.8 1.5 -5.1)
	24: (0.6 2.7 2.4, 0.0 -0.0 -0.2)
801, 11, 2.674890e+01
	13: (0.0 0.0 2.7, 0.0 0.0 -0.9) (0.0 0.0 2.7, 0.0 0.0 0.0) (0.0 0.0 nan, 0.0 0.0 0.0) (0.0 0.0 nan, 0.0 0.0 0.0) (0.0 0.0 nan, 0.0 -0.9 -0.9) (0.0 0.0 nan, 0.0 0.0 0.0) (-1.0 0.0 nan, 0.0 0.0 0.0) (0.0 0.0 nan, 0.0 0.0 0.0)
	15: (0.8 2.3 1.0, 0.0 -0.0 0.2)
	23: (2.2 1.2 2.3, -2.8 1.5 -5.1)
	24: (0.6 2.7 2.4, 0.0 -0.0 -0.2)
